Aptitude test 1

1. 52.54.56
2. 2,3,5
3. 51200
4. 8 months
5. 17.5
6. 2016
7. 2 km/hr
8. 22
9. 8.08
10. 487.5
11. 66.66
12. 120
13. 10560
14. 7.5
15. 48
16. 35
17. 3:4:10
18. 100
19. 1/4
20. 30√2
21. 0.20
22. 16
23. 120
24. 25200
25. 29.16
26. 63
27. 12
28. 12
29. 4
30. 11pm



Aptitude Test 2

1. 24 days
2. Rs.225
3. 34 degrees
4. 1%
5. 25
6. 15 kmph
7. 90 kmph
8. 96 kmph
9. 9:8
10. 37
11. 820, 369
12. 18 years
13. 20%
14. 17 1/7 days
15. 10%
16. 10 mps
17. Rs. 6000
18. 17.5
19. 1,20,000
20. 20
21. 24
22. 7056
23. Rs. 2400
24. 22 1/2 days
25. 9 3/8 days
26. Rs. 5000
27. 9 days
28. 6 days
29. 132
30. 24 days



Aptitude Test 3

1. 22
2. 4 hours
3. 100 meters
4. 40
5. 5 5/11%
6. √2
7. 180
8. 50 km/hr
9. 12 cm^3
10. 7:3
11. 33
12. 1/48
13. Wednesday
14. Both A and R are individually true but R is not the correct explanation of A
15. 6.25
16. 60
17. 500
18. 2
19. 4000
20. 25%
21. 36
22. 2 minutes
23. 196
24. 7.5 liters
25. 48.55 kg
26. 200


